28
111
281
355
396
482
493
493
537
584
647
694
750
852
904
924
992
1279
1317
1353
1376
1524
1541
1691
1719
1733
1806
1890
1990
2119
2373
2465
2568
2660
2666
2865
2969
3146
3171
3343
3490
3568
3583
3733
3933
4009
4083
4087
4545
4620
4708
4995
5122
5150
5477
5697
5884
5953
6026
6312
6386
6570
6677
7058
7303
7322
7496
7587
7826
7864
7969
8069
8096
8113
8147
8199
8248
8255
8381
8854
8887
9020
9160
9180
9195
9215
9240
9284
9573
9590
9661
9701
9961
10053
10073
10128
10192
10231
10388
10479
10741
10884
10904
10930
11001
11047
11108
11172
11393
11436
11508
11525
11536
11596
11642
11658
11795
11983
12260
12263
12332
12536
12711
12811
12942
13116
13190
13399
13437
13477
13540
13689
13701
13736
13832
13910
13985
14110
14268
14384
14475
14513
14619
14716
14842
15080
15235
15360
15476
15863
16164
16237
16283
16445
16513
16614
16617
16684
16841
17067
17171
17279
17349
17375
17408
17610
17671
17991
18107
18126
18244
18256
18335
18342
18587
18661
18737
18932
18983
19213
19268
19285
19838
20078
20110
20118
20185
20291
20298
20323
20633
20693
20822
20865
21069
21092
21094
21208
21494
21624
21635
21699
21766
21804
21807
22110
22234
22298
22813
22853
22872
22975
23016
23102
23142
23326
23361
23387
23528
23562
23742
23823
24035
24223
24356
24465
24653
24737
24841
24958
25066
25099
25102
25263
25282
25542
26273
26404
26520
26551
26634
26657
26959
27077
27414
27430
27452
27921
27931
27936
28023
28123
28167
28174
28181
28214
28215
28289
28300
28899
29234
29252
29409
29500
29589
29599
29611
29771
29829
30098
30153
30211
30234
30257
30307
30309
30313
30375
30732
30759
31015
31046
31061
31116
31158
31226
31268
31674
31835
31865
31921
32217
32370
32385
32575
32661
32762
32780
32913
32947
32951
33107
33269
33351
33428
33510
33532
33668
33729
33928
34017
34080
34339
34401
34523
34549
34924
34930
35141
35488
35564
35580
35651
35808
35823
35850
35885
35925
35930
35977
36230
36231
36241
36316
36441
36551
36600
36763
37017
37053
37055
37156
37250
37415
37423
37431
37460
37808
37890
37980
38009
38236
38388
38446
38504
38793
38904
39047
39294
39580
39602
39637
39650
39656
39790
39812
39814
39951
39992
40113
40191
40220
40298
40331
40402
40427
40438
40690
40755
40818
40967
40972
41273
41283
41365
41749
41827
41903
41934
41978
42098
42229
42318
42396
42815
43223
43259
43464
43628
43653
43856
43871
43900
43965
44117
44279
44476
44527
45018
45149
45229
45257
45375
45384
45533
45580
45651
45672
45805
45845
46211
46326
46353
46489
46538
46617
46672
46841
46913
47115
47149
47256
47395
47594
47620
47723
47842
47898
48111
48292
48461
48509
48509
48538
48761
48766
48824
48899
48966
49007
49235
49378
49383
49384
49401
49414
49842
49889
49947
50043
50145
50183
50750
50754
50828
50886
50958
51062
51072
51106
51123
51157
51214
51320
51343
51412
51413
51437
51536
51540
51646
52178
52257
52594
52682
52713
52888
52974
53014
53236
53260
53495
53547
53620
53646
53742
53802
53951
54063
54102
54143
54276
54333
54346
54417
54476
54577
54660
54668
54786
54786
54794
54938
54941
54947
54979
54996
55081
55210
55242
55373
55477
55499
55661
55715
55722
55943
56092
56140
56190
56532
56777
56821
56848
57117
57431
57452
57500
57556
57635
57798
57907
57946
58063
58124
58135
58168
58228
58267
58432
58471
58627
58683
58798
58912
58913
59021
59171
59317
59318
59371
59415
59455
59472
59525
59647
59812
59907
59952
59978
60030
60071
60133
60170
60326
60367
60394
60505
60891
60980
61325
61502
61538
61587
61681
61719
61990
62028
62133
62193
62288
62404
62428
62448
62523
62638
62688
62722
62749
62848
62942
62948
63113
63189
63262
63278
63376
63425
63536
63669
63833
63902
63980
64059
64093
64116
64224
64225
64235
64241
64281
64365
64492
64580
64605
64807
64817
64825
64876
65040
65047
65168
65202
65212
65293
65313
65451
65537
65563
65570
65676
65745
65825
65950
66274
66364
66502
66691
66793
66798
66847
66879
67158
67180
67338
67341
67370
67630
67718
68018
68027
68215
68246
68281
68284
68308
68348
68519
68690
68721
68740
68761
68854
68881
68915
68938
69072
69080
69192
69266
69332
69603
69636
69662
69832
69839
69851
69920
69926
70043
70043
70162
70182
70206
70387
70457
70585
70671
70740
70744
70880
70990
71041
71051
71123
71319
71480
71907
72082
72126
72169
72338
72480
72505
72763
72828
72863
72915
72965
72968
73012
73073
73132
73271
73307
73461
73475
73543
73802
74228
74471
74493
74572
74605
74692
74796
74853
74868
75009
75132
75273
75290
75320
75458
75532
75857
75971
75980
76165
76445
76540
76583
76680
76742
76788
76913
77026
77159
77248
77641
77957
77964
78044
78064
78193
78244
78249
78417
78419
78430
78490
78552
78585
78849
78901
78973
79088
79177
79183
79231
79235
79343
79450
79634
79649
79852
79941
80088
80147
80331
80379
80508
80608
80666
80667
80725
80779
81012
81019
81021
81324
81348
81367
81440
81748
81855
81925
81952
82010
82062
82196
82202
82466
82473
82667
82684
82982
82988
83027
83334
83340
83394
83457
83634
83733
83850
83850
83864
84004
84062
84119
84129
84235
84290
84848
84878
84945
85076
85402
85991
86006
86297
86386
86463
86537
86636
86671
86842
86957
87013
87174
87270
87446
87471
87606
87945
87982
88063
88176
88181
88242
88267
88273
88484
88550
88555
88633
88652
88704
88784
88857
88972
89165
89318
89362
89640
89717
89747
89775
89817
89839
89879
90094
90107
90172
90226
90367
90419
90446
90483
90542
90588
90771
91147
91171
91242
91485
91522
91804
91953
92025
92128
92129
92167
92210
92257
92406
92426
92544
92677
92806
92900
92910
92911
92961
92997
93169
93328
93380
93387
93400
93422
93685
93709
93760
93768
93784
93788
93837
94081
94097
94310
94414
94509
94591
94669
94709
94853
94863
94935
95041
95041
95059
95085
95259
95332
95365
95409
95649
95714
95821
96005
96077
96196
96291
96300
96434
96556
96656
96733
96806
96994
97125
97145
97148
97194
97213
97294
97316
97384
97761
97845
98061
98081
98157
98195
98240
98406
98442
98563
98700
98766
98835
98925
98930
98930
99009
99154
99299
99343
99426
99463
99561
99710
99791
99831
99881
99885
99891
99905
