25263
58471
64605
30313
11983
32385
84119
14475
99009
59525
18256
84004
51437
79235
60394
77957
9240
8255
51540
68027
89717
89640
67180
65825
86957
42815
51412
90483
11795
60326
89362
93768
60170
46841
89879
44279
49947
35564
68740
82667
11642
82196
5122
20822
79941
88555
27936
93387
57946
20291
72169
10741
73271
24035
6677
62523
281
56092
355
42098
63425
73461
59318
647
28289
55722
62638
35925
51157
49235
83850
82466
64580
88633
56532
80088
16164
50145
98157
81012
50886
54143
47620
43856
83864
21069
63189
51062
9661
27077
11508
13540
59317
64281
36316
24653
80147
84848
30309
73073
98081
45533
40402
3568
5697
12536
87982
8381
10053
62288
61587
89165
76680
21624
93169
65168
50828
92406
10479
43259
70990
8113
97845
28167
96300
18342
63376
83850
69072
64116
59472
20298
97145
88484
32575
81348
70457
28
65676
32217
98061
27414
74471
99710
46326
94669
24465
66798
91522
95259
54476
98406
39580
87174
80331
66364
81748
58683
92911
82202
14268
28300
5884
5953
4995
24958
99343
83027
69192
62848
59371
30153
55499
7322
41749
46538
75857
58135
77159
54996
83457
111
68761
52888
992
89839
1376
11001
9160
10388
23387
10904
75009
68881
38009
19213
64825
73307
88550
37808
88972
1990
35823
90172
62942
16614
17671
1806
62688
37431
63833
57452
43900
40427
26551
92900
7864
11436
49401
97148
29409
52594
65950
26959
31226
13910
64235
21494
53620
45845
32780
95649
69839
61990
90419
83394
76540
13689
85402
58267
82473
65570
35141
98563
39951
70206
23142
81952
44527
81855
24737
40331
96556
79649
71051
12263
13399
36230
59455
94591
78430
72082
94935
6026
81367
71480
47115
78244
69636
33510
13736
92128
74228
56777
45805
19285
99299
60367
75132
59021
50043
78552
53547
14513
92426
50183
73132
24841
41903
65563
79088
59647
36231
19268
48292
36600
87606
49384
20323
40438
84290
94863
11536
88273
87013
54577
852
39656
81019
57500
47842
1279
94081
60030
90446
55943
28215
23528
65202
20633
25282
40755
48111
99561
82684
11393
54947
90542
12942
10231
83334
53951
33351
39294
29500
55477
16684
43223
45651
64492
71907
90094
42318
65313
60891
61538
54786
91953
28174
96005
71123
62428
58063
45018
46672
1317
51536
24356
7058
45384
67718
17067
34523
80608
48538
3343
4708
78193
16237
96196
55373
83634
11525
40972
11596
88063
36763
76445
88267
8887
99891
2666
47594
20110
29589
3733
4009
39602
33532
81021
25099
89318
53236
18737
18983
13477
96434
68215
68690
31158
95085
493
85991
54346
70744
52974
58124
66879
76913
31865
82010
68284
54660
22975
37890
9701
72480
49889
35977
31674
27452
53014
40818
54786
41365
64093
99881
21094
13832
62193
34549
56190
63262
47149
15235
59952
59171
99791
51343
89775
70387
94097
28023
74796
98195
5477
64365
38504
68721
61502
53742
98930
69266
74493
34924
56848
72763
51123
584
98240
11172
16445
57556
96806
25542
22110
36241
95041
1691
68348
92257
93709
13190
80379
8096
92129
57798
25102
56821
8199
42229
29829
23102
694
88857
29771
6312
74853
49383
49007
11658
31061
28181
64225
98766
80779
75273
37156
94853
86386
44476
57117
93380
72126
18932
98700
47723
72915
23562
97194
60071
92997
90588
91804
54276
70043
2660
65047
36441
29234
72338
2465
23361
7303
32951
62948
92677
35580
68308
9020
81440
88181
55715
59978
78417
28123
84235
73802
99831
21635
40220
88784
65212
57907
27931
68938
72863
45672
38388
6570
70671
39812
30257
68018
65040
82982
72968
57635
88704
13985
51413
10930
87270
17279
30211
482
23742
2865
10128
13701
63113
64224
37017
20865
94509
66502
68246
75320
74572
3583
27430
16283
64807
95041
92167
69332
9573
50958
96733
95059
45149
18107
81925
93422
85076
19838
92806
8147
54417
97316
87945
70880
63669
78490
77248
58627
5150
83340
80725
35808
41934
52178
48461
78585
31835
41978
15360
55242
69603
43653
70182
58432
66691
98930
23016
17171
16841
79177
30307
14842
90771
30375
91171
73475
17375
62133
924
51646
48966
26634
3490
97125
72965
7496
34339
62749
32661
84129
24223
37250
75971
46211
83733
38446
69926
93760
39814
34930
94709
78973
86537
61719
41283
21092
21699
36551
40113
49842
67341
62448
78901
74605
38904
54102
87446
48899
37053
93685
7826
69920
55081
49414
72828
7587
79852
40690
37415
80508
40967
92961
79634
58913
20118
37423
99426
99885
37055
69662
67630
71319
3933
96994
79231
70162
45257
68519
75458
33928
10073
22298
750
42396
54063
95332
39637
16617
47256
33668
59907
14619
46353
9195
21766
1541
93400
22813
92025
53646
32913
78064
14716
76742
91485
22234
92544
62028
28899
70043
95365
51214
56140
78044
15476
33428
52257
86671
2969
21804
54938
98835
89817
17610
23823
51320
17408
86297
96656
73012
97213
35488
54668
79183
15863
90226
32370
99463
18587
14110
37980
75532
43464
9961
8854
64241
31268
76165
904
77964
1733
26273
79450
86463
57431
79343
35850
10884
80667
35651
45229
13116
9284
54794
48761
29611
91242
48509
39790
60980
44117
51072
31046
396
97294
31921
68915
2373
92910
26657
4087
22853
1719
493
78419
53260
65537
58168
55661
46617
28214
95821
53495
29252
63902
3146
25066
6386
88176
7969
26520
75290
69851
93837
30732
17349
31116
26404
48824
46913
14384
1524
41273
97384
94310
96291
61325
89747
10192
27921
34080
58912
39992
82062
84062
33269
12260
88652
86006
97761
21807
20693
23326
72505
86636
52713
30098
34401
92210
64059
30759
46489
95714
63278
8069
69080
84945
87471
38793
33107
59415
78849
71041
58798
18126
32947
66847
9180
11047
60133
86842
1890
18335
20078
80666
37460
18244
62404
40298
20185
32762
64876
75980
98442
15080
35885
38236
50750
47395
12811
76583
52682
90107
53802
65451
67370
84878
4545
77641
39047
70585
96077
9215
74868
35930
93788
74692
43965
63536
21208
63980
4083
98925
70740
33729
12711
39650
88242
13437
2568
43628
31015
99905
8248
50754
95409
30234
11108
4620
43871
93328
48509
61681
81324
49378
77026
29599
54333
67158
12332
91147
22872
64817
537
17991
18661
45580
65745
16513
66793
41827
3171
68854
93784
69832
1353
99154
66274
67338
60505
54979
73543
55210
9590
76788
34017
54941
78249
2119
58228
51106
62722
65293
47898
94414
59812
45375
90367
68281
82988
40191
48766
